X Y
2,48019672 4,91158517
-4,64306374 3,68715787
3,24073752 -3,90996101
-2,25407999 4,17638946
2,55256038 5,49229073
2,31603425 5,13320956
1,98966935 -5,37245132
-1,87264162 3,55137254
-3,9340345 5,24381097
-2,15869417 4,78066426
-1,43318472 3,40387553
2,78946299 -5,18626107
0,57582993 6,56252335
-4,61267983 3,85445303
-3,62310589 6,06378048
1,80572775 -5,07464074
0,71229693 4,04760671
3,01714976 -2,96362932
-1,55717078 5,25455695
-2,9649956 5,49119774
-2,89619635 3,76391855
3,09154773 -2,68187575
1,89430602 -2,93557695
1,76761552 3,8321179
-2,52124299 5,35367638
2,17180465 -2,23012381
-2,73245946 4,80188187
3,20676828 -4,44016809
2,72590829 -3,1921004
3,57191955 3,50353217
3,19576229 6,69431459
3,29141443 -3,65052235
-1,21562902 4,53425978
-3,95319438 6,24879524
3,38033253 -2,59176046
0,72864129 4,04792279
2,6992611 6,88336911
2,33474547 -5,39084208
-2,34147494 3,45961231
3,80215566 4,13297214
0,73348206 4,29718798
2,56274468 -4,84383207
-3,90212729 3,99819688
-2,62344055 5,66421272
-2,93073307 3,5850481
-4,25715146 6,24849268
1,83920009 5,40535082
3,36749926 5,29341088
-3,53415408 4,5425681
2,64906314 6,09231674
3,84003727 5,89983668
-4,08762525 3,48349528
3,31482683 4,82133304
-3,27232711 5,03673492
3,24417435 4,03765373
-3,01780013 5,02369685
-1,67379344 4,40259187
2,73481627 -5,64050851
1,83745282 -5,69750129
-2,4449401 5,69845321
2,74434821 -2,48096099
-4,14315294 3,91667519
-3,1917416 3,97728715
2,03819905 4,12617847
3,11555511 7,03237978
2,97878894 -2,29866992
-2,92310563 5,87992386
2,32181387 -4,58936123
2,27551928 -2,64701735
-2,21032839 3,41550704
-3,53342584 5,13052114
-4,44230944 5,27141339
1,75080103 -3,86261228
1,87723634 -2,92571041
2,95251121 -2,50329892
2,37882134 -2,43523724
3,76863069 5,7796179
-2,70276553 5,89658452
3,2485689 -5,655186
2,47533742 6,6936347
3,18642585 -2,97663517
-1,27287866 3,42857329
1,34126428 3,77364682
-3,90473045 5,92038011
3,36641483 -2,47580249
1,89315138 -2,94949481
3,7385229 5,34078547
0,94103833 3,80294971
-4,15067951 5,79948898
-4,22519651 3,93002752
-3,50046218 3,66639365
-2,00503832 5,41821399
2,88157962 -4,49468415
2,47750365 -4,36216355
-2,90471195 5,86601616
-4,12520629 3,91207966
0,69032429 3,42919031
2,11635541 -5,27194943
1,30688223 5,83072773
-1,70133163 5,59944838
-2,9951824 4,20548208
0,51290081 4,1571536
2,29896419 3,69410151
-2,94902187 5,83612605
-2,05887114 3,28466386
1,72492041 -3,74060837
0,73924182 4,69348506
0,61758411 6,52323107
2,30641286 4,26603117
3,80403968 4,0588166
-4,67966567 5,76895313
-1,45919355 3,77909803
-3,94969416 4,03400715
2,19845333 -2,62247052
2,44763328 -3,36729568
2,70578984 -3,09905317
-3,24218401 6,2652248
2,83559972 -3,8801171
2,94324095 3,69799522
1,97151113 -4,50396621
-1,63432677 5,72085933
2,40081547 -2,6932731
-3,43318822 5,24836609
2,59013993 -2,80043944
-1,3710716 3,97589316
-2,21922744 4,8715342
3,11072507 -4,40295123
3,25132357 4,57932206
3,35279484 -4,47268857
2,97583452 -3,021313
2,26389614 5,28076548
2,39583749 -5,58025987
2,47132395 3,67230001
2,74851451 5,31463489
2,35121875 -2,2012283
2,65327933 -4,58379608
-1,38598206 4,72363116
1,57135388 6,2575896
2,55466095 5,86862757
2,30340351 -3,17575405
1,91287965 -4,25515142
3,8737931 3,65492198
-3,06463184 5,07540966
-1,74787017 3,80261691
2,35354126 -3,5631838
1,03467007 6,30696212
-2,1776858 6,22262073
-1,72172121 3,55885367
2,37905986 6,41233673
3,14918903 4,33093285
-2,98489247 4,53400123
3,15591991 -4,09705827
1,50673812 6,84818004
1,98587547 -3,08439172
1,96214803 -2,87530307
-3,72296209 6,14146773
1,07306151 5,88156919
3,39364037 7,14342986
2,34832202 -4,31842862
1,46082594 4,56599399
2,9490366 -3,35243786
-2,67437855 4,30480491
3,0807042 4,50070257
-1,70799595 6,25837326
0,79764745 4,30292006
-1,90009079 4,04330036
-2,59949328 4,74751639
2,27518963 -3,68160997
3,13183467 6,75310645
-4,22399586 6,12364743
1,84622655 -2,99508578
-3,24003648 3,22149854
2,97885908 -5,01175619
2,41015371 -4,48275422
-4,60517605 3,82779981
1,06980618 3,71494456
0,99753594 4,03334736
2,46886343 -4,37091256
-1,35193432 4,57512898
2,50857975 -5,19593397
2,29964662 3,80252829
2,52764558 -2,94396778
1,71547249 -3,3176748
1,85369155 -4,87671925
1,82396956 -4,29909683
3,34045693 5,5424701
3,25536154 -2,48188864
2,32071587 -2,77287493
-3,09714504 4,25772308
3,60143777 5,77979994
2,43965312 4,64818258
3,88615386 4,45863607
0,97503288 6,22257501
3,18354451 -5,3278166
-3,69946209 3,89889551
-1,53767258 4,7775584
1,71150325 -3,59303179
3,07377936 -4,29141161
2,14641436 -4,65683152
2,46263683 -4,08731351
-2,01281079 5,6563614
-4,30210122 5,17951704
-1,57002554 4,14906836
2,72859864 -2,47954465
2,12491123 -2,85556967
2,03742641 -4,28396538
0,95779184 5,47451318
-2,72279862 5,6150503
2,79907994 -2,53071891
3,26587226 -3,41377097
2,09735889 -4,86834159
-1,82292736 5,33231488
1,93098489 -4,512765
-3,15882221 5,90971161
1,0159861 6,25308965
2,09067874 6,96853228
3,37790322 -3,30307561
1,48721104 4,03949855
1,7523455 5,14594958
1,83099375 4,05703793
3,09741694 5,36533375
2,84296554 -2,62759103
2,76446434 -3,45342123
2,31468839 -4,20348023
-3,75105576 5,98253924
2,32348724 -2,71176416
3,38049844 4,64549001
3,03406166 -4,17353884
3,02679143 5,29057597
-3,86447506 4,67886369
2,98461676 -2,62669374
-1,78017474 4,14041535
3,33755271 5,44825802
0,5567251 4,30405851
2,84783479 -2,21163175
-3,68944541 3,76853496
2,41244594 6,99819769
2,69250882 -2,45279321
-2,50231411 4,72828132
1,7411356 4,69017757
1,88365521 -5,42137061
3,07053552 -2,27098641
3,74842314 6,02979536
2,64222356 -2,77560718
-2,16558915 5,8159925
2,71176744 -5,24009688
2,1844192 -3,2156366
-2,92476306 3,40608732
3,23886993 -2,23257908
2,27270962 7,16033745
-2,57034544 5,48867979
3,70760587 6,91048532
1,16977357 5,87130254
2,08881583 -2,32216947
2,3700995 3,47788829
1,78681216 -4,56098453
2,22780705 -3,01041004
3,35934436 -2,65503534
-3,62881498 5,08402358
-4,69491031 5,4786186
3,15257357 -2,51773777
3,38118031 -3,12812549
3,86564562 3,71658651
-3,71968659 5,45725908
3,56044767 5,07466555
2,55117225 -3,55090945
2,27512821 6,48668472
0,93958364 4,82808637
3,41181556 5,97695859
1,22859889 5,08701411
-1,20047984 6,29572247
-3,19955419 5,31727405
1,28169327 6,36105424
-1,87607564 5,26630384
2,16381092 -3,29565842
-3,74634308 5,70177701
-4,58059225 4,55443553
-4,11611594 4,33049724
-1,97818176 4,31127268
1,72196272 -2,10695669
0,72950599 3,82971441
2,51836092 -3,97902089
-3,75827702 3,41643177
2,41403061 -4,87152068
1,61332448 6,71480304
2,89643136 6,53766839
2,27886327 -3,11068846
-2,9664142 6,21155357
0,99805677 5,8134649
-2,27050359 4,79451037
1,79610125 -4,30905171
-2,41913173 5,68763324
2,73977357 -4,50497783
2,15760909 5,81477014
3,29268496 -2,77047778
-2,26700616 5,41691688
3,28748876 -5,66215952
-4,13995001 3,63499859
3,6532804 3,55441254
2,64017216 6,77366479
-1,61722504 3,2240061
-3,22667952 5,69769244
-4,57734425 6,13807423
-3,7689732 5,70011438
3,35515087 -4,2286695
3,14350942 5,03653902
1,00499265 3,46536398
-4,30569365 4,13364058
1,04596605 5,12351031
2,25902045 3,80093968
1,8780925 5,88029199
2,90009781 -3,26574849
2,60781245 -2,6502881
3,57375592 3,56989617
-3,99464685 4,30905699
3,04638818 -5,40740696
1,85252644 -2,85127837
1,98165539 -4,55064835
2,61821448 -2,70879843
1,11118965 6,31317293
-4,25993133 5,04188235
2,85717634 -4,97412238
2,9261366 -2,65567222
-2,91109842 6,09994457
-4,49391972 3,82964511
3,37264598 -2,16636723
-4,05373898 5,14454721
2,52571695 -4,70836627
-3,43483543 3,83993662
1,95708939 -2,37756026
2,68451121 -2,5793465
3,87770373 4,25129038
1,80983442 -3,10561977
2,48150625 -4,10856755
1,85149375 -2,30131245
-1,74794002 3,61068637
2,71024512 -5,07635641
1,84660681 5,65236241
-1,23543482 3,35987198
3,61473139 5,78834587
2,98085212 4,76779169
2,68527247 -2,79665232
1,07327483 6,24704578
1,35165677 3,6070733
-4,11309102 5,1644495
1,86837887 -2,62687989
2,28521802 6,27858193
-3,69614102 3,47727541
-4,49815357 5,959121
1,99684868 5,96986729
2,92128666 5,6215006
-3,51659756 5,53255822
-1,43403422 4,10894348
2,96904291 -2,68513155
-1,851304 4,68202495
3,06249568 4,12006579
2,83081103 3,64994414
-2,6946595 5,5403087
-4,03339148 3,6324376
-2,98423173 4,73664365
1,95875387 7,01534889
-1,29085166 5,79735765
-3,35858832 3,57902254
1,80751719 -5,52782047
-2,60829327 6,06322106
2,54205382 4,82610921
3,26679643 5,28051878
-1,35646765 5,66192643
-3,65446196 5,51055216
-1,73872244 5,11556381
3,03500492 7,02572247
0,62433527 4,70023577
2,86983153 -4,83842038
2,61968408 -3,0001358
2,86179211 -2,99464739
2,71290706 -3,05320292
1,30069099 3,45481361
-3,46696245 6,02274688
0,7758432 6,54739479
1,53423443 5,98055634
1,97920077 3,89536716
-4,04954026 4,51236057
3,7871266 4,37344305
2,32789644 -4,61903164
1,82412992 -5,6785722
2,05655672 -3,01230918
3,07027495 -4,89864121
1,70095878 6,37313665
-1,41269889 4,51241665
-1,39194293 4,41570121
2,86665557 5,92991484
1,95694411 -2,36431835
-4,49524959 4,73480401
-2,51986564 5,99682261
2,84747456 -2,56665704
1,75924123 3,47049689
1,29065881 4,81440424
1,72679384 -2,3438837
2,53819254 -3,29642207
2,91170991 -5,08405791
2,25959689 -4,15313791
2,75849375 5,85985662
3,23314215 5,71895546
1,88826409 -5,32383742
-2,21916471 3,20827928
1,76200798 -4,28218292
1,836818 -5,5821309
-2,70134096 3,85980491
-4,4749956 4,73050677
1,98226743 4,53042311
2,63705068 -2,31302416
3,35054779 -2,78669015
0,73771554 5,60060986
-4,28568552 3,7572356
2,16434211 6,73595016
-1,79955681 3,68508185
2,58303232 -4,70040163
2,60308406 -4,17126745
2,05511048 4,92430893
-4,31229343 5,34838464
1,93567293 4,73598201
3,29538258 -3,52984858
0,72504671 6,13373958
-1,51833938 5,74197542
2,40801655 6,09905228
2,72436682 7,19872228
-2,81811412 4,70710149
2,68316852 -5,63972998
1,84491977 -3,65087923
2,26552011 -4,48728471
3,38205185 -4,71727021
1,16952873 4,87065291
1,39771259 3,83941074
1,82449978 5,79296655
2,86923362 -2,69668945
3,41224674 3,54276926
2,61860494 7,10636245
0,96438386 6,45300815
3,12700142 -2,75670129
1,04343612 4,15707708
-2,37860305 6,20310292
2,13963081 -5,36516061
-1,78681279 3,69230606
-2,51321092 6,20965324
2,48157935 -4,40777933
3,67887632 5,74798613
2,45195478 -5,65535557
-2,50306028 3,475855
-2,57950741 5,30133789
2,38416291 -4,0011828
2,23258366 -3,05766072
2,13966902 -4,5966827
2,25627697 -4,38629247
-1,96250683 4,19033667
-3,09818676 6,14830679
-2,57959515 4,10186712
1,87543573 4,92143619
3,36346999 5,09807241
-1,58542935 5,48391579
-3,5003065 5,27059017
0,99979011 6,37090523
-1,22227701 4,37393695
-1,61653244 5,86130396
3,11085183 -4,81810542
3,1006495 -3,57859193
-3,63598569 6,17920245
2,60714712 -2,5207078
-1,53373141 6,24976241
3,03185571 -2,27738747
-1,35005395 4,20654605
3,29625769 6,76141516
1,85410688 6,92147538
3,3320286 -3,37039874
-3,33336457 5,79728608
-1,29952114 4,52652835
2,31468618 6,24932373
2,91794232 -3,56563276
2,68108069 4,20862169
0,74331417 3,80931354
3,29359546 6,66802014
-2,07178358 5,17157189
3,3547762 -2,53752609
-2,93910926 5,69910586
2,89441149 -2,20433845
0,71297852 7,08355478
3,83362637 5,39659818
1,80930611 5,18975251
-3,19245494 3,35388991
-2,44035777 5,94746422
2,42270216 5,59825028
1,59739603 3,48494898
2,44371782 -2,93235702
-1,26390185 5,06348106
1,71643908 6,23542023
2,06398474 -5,50291065
2,07996013 7,06878125
2,54183293 -2,97259553
-3,27170577 5,32642962
0,53445954 4,4284312
1,35590304 5,08398658
2,48369384 5,88225655
2,2060957 -5,32443703
-3,32047634 5,20454239
3,84051112 4,15043886
1,73482678 -5,58241736
3,36940745 -5,58691981
-1,23219753 5,21988161
-4,66629115 5,14294714
-2,54953068 3,61197843
-3,26366401 3,22010514
2,52944452 4,62065538
2,72641366 -5,42457163
-4,22435794 5,39235998
3,52554763 6,23693834
-4,47189846 5,29835913
3,08393832 6,58790257
-2,03413709 3,99211185
3,85607856 5,10457135
-1,37388783 5,75624176
2,48539033 4,50397246
2,05811495 -4,94004079
2,64057545 -2,82033017
2,49346546 -4,69024694
-3,45938945 5,12793807
2,37377884 -5,21387861
-4,66555569 5,07295885
2,80505535 -5,18579532
2,90114169 5,02811311
2,28991002 -4,95153996
-2,80705645 4,69935244
-1,80967274 4,72144509
2,96384737 -5,1970918
3,27317655 -3,96829649
2,05187453 -2,54983778
1,45887476 4,27044569
0,87317868 5,7205876
0,53674198 6,934703
1,92510624 4,84544717
2,62182519 -5,57984444
2,65871186 -2,83401862
3,08959184 -5,02268653
-2,97692029 5,9963153
2,46322141 -2,35867716
-2,12277807 3,44362834
3,21841943 -4,93927602
-1,83478928 5,39869869
-3,18219077 5,97343849
-3,10936485 5,76308202
2,52046435 -3,46624742
3,14508809 -3,22411998
-3,05412729 4,03954187
-4,52076307 5,64967914
3,51153172 4,9446227
2,41302193 3,60367351
1,38845015 5,90446766
1,51045028 5,19741373
-4,58213257 5,00125723
-3,11766474 3,83914504
-1,58494363 4,97220801
-3,26925092 5,8056694
1,77470285 -4,83677286
1,72395499 5,37140878
2,90316129 5,83892575
2,45393857 -4,335424
3,44463479 5,23293865
3,13569809 -2,76760227
3,86997243 6,2532211
3,11494718 5,69866708
2,59797944 5,08053925
1,76258372 4,16240412
-2,55102395 4,88427047
-4,10242838 3,72733999
2,25151305 5,91460546
-3,22472385 4,49950091
-3,29717712 6,28902065
-2,04083351 6,24878014
3,05635031 -4,96207947
2,83140769 -2,15972159
1,0652835 4,30893153
3,26554833 -4,41623459
2,96994899 -5,26579617
2,7064749 -4,54338285
-1,98378195 5,32627754
2,03392421 -5,36697015
-3,61827788 4,53715195
1,83229273 3,74966758
2,44450059 -3,74430767
2,27134306 6,39450196
1,44811167 5,35750967
1,02869558 6,62015444
2,04391245 6,05082972
1,85609388 -4,7356343
2,35993082 -3,53189385
-2,88172635 5,62606705
2,22591682 5,49351896
1,02976691 6,5968014
2,82344522 -5,19547584
0,69431626 6,45138637
2,40490221 6,63745072
-2,18393584 5,36842972
1,26726752 7,08171814
2,63120972 -2,19313347
3,02448049 -3,17239003
-3,6082356 4,42157352
-3,90882109 6,00711756
1,86689439 -4,7702302
-3,33171115 3,78700348
1,11754619 6,51002383
2,26572782 -3,45540317
2,57987877 -3,62555657
3,28242742 4,54158058
2,08098161 -3,0384948
-3,55284976 5,14469567
1,92689074 4,17384203
2,57869679 -3,56823317
1,17822113 6,46986582
-2,88779156 4,29687745
1,70003546 -2,17136401
2,20228105 5,69660895
-3,55002722 3,94009003
2,12774766 -5,06060012
2,04560716 4,45925689
2,93202889 -2,93586507
2,81399721 -5,28540707
-3,40197325 5,4607685
1,95349502 -2,82551721
-4,15098262 4,48705507
3,71978597 6,20102179
-2,77427963 6,25596692
3,0134503 -2,53798514
-1,20104636 5,6815497
1,59161148 6,2917496
2,82120283 -4,6811989
-2,11077257 3,71240855
1,93570325 -3,75951109
2,83597617 -3,81980297
1,99896213 4,95662207
2,65772272 -5,3404093
2,12016954 -2,85391772
-2,9228468 5,54735928
-1,65127834 6,22763504
3,05955505 6,60540324
1,93794127 5,49126379
1,81590176 -3,80393562
3,09987052 -4,12759236
-2,67578756 4,24049171
-1,47621479 4,54706381
0,54435917 5,37473784
-4,31857685 6,04727257
-4,44032432 4,67307773
3,14365774 -2,95146688
-2,85759242 4,86759362
0,80559373 4,49118027
-3,85048089 4,64408388
-2,36775346 3,25236098
-3,56025553 4,71110245
1,8570284 -3,33022432
1,99922522 -3,43515372
-2,776916 6,2348393
1,97618153 4,03594174
2,90153922 -5,5110509
2,14111337 -5,14386958
-2,22594799 3,21014274
-2,70764721 3,96200567
0,68424344 6,34973251
3,17123494 5,67152149
2,77646782 -2,69661682
3,25111195 -3,624686
2,01191711 -4,48753489
1,67701888 3,86187601
3,36117042 5,17547019
1,010315 4,08360967
0,71730392 4,53758806
2,70532093 -3,35124602
1,75938007 -4,64743147
1,82905113 5,35438087
2,62850706 3,43745271
2,23787123 -4,09779918
2,39675748 -3,43012145
2,75259746 -3,18329826
3,26470608 -4,41499857
1,85730121 -2,55608323
3,00065678 5,87193305
1,73632623 5,68980749
1,93145808 -5,26883299
2,51516661 -2,9099458
0,91690442 6,5649155
1,78423302 -4,55098456
-4,39442586 6,04769118
3,71611685 6,80459721
-1,68558614 5,0940188
0,74574291 6,94905447
-1,83690162 3,71321307
3,06790008 -4,01631338
1,22566203 5,60662209
2,86432915 -5,60043254
-2,73897032 3,9216422
2,37378186 -2,66787625
2,00843731 5,66276142
3,78198412 3,69020769
3,2570316 -5,16858519
2,32344228 -2,82217252
0,61607249 5,52029345
2,26587534 5,27048135
-3,00007704 3,41834061
-4,47097805 3,52572081
3,07191458 4,60211977
3,24066096 -2,29319451
-4,33469809 3,59069772
3,09441068 5,43329529
-3,58253459 5,21787944
-3,50779515 6,10423735
2,73252115 -5,27871049
2,76431482 -2,64246877
3,10654047 -3,26495266
3,09662799 -4,19711919
1,4506815 5,35470087
3,86763063 6,25411117
1,27204797 5,89801651
2,42595707 -5,60699216
1,28489755 7,09285544
1,74198161 -3,51145605
1,97194914 -4,3331147
1,17226311 6,99433427
3,26548424 -2,40452107
2,6589708 5,80925978
2,49118055 3,55383345
2,69368756 -2,50633222
-1,74509339 3,56871836
-1,91263817 4,34859205
3,55036203 6,49869458
-1,20858792 3,28165227
2,69903817 5,42184638
0,88699596 4,59226624
3,28842942 -3,31603224
3,36386137 -2,66121982
1,9011598 -5,53020533
-3,80189312 3,28809187
3,39289615 -4,3277393
-2,76171812 5,69973288
2,03424776 -4,77486149
-1,95135506 3,86165419
1,75539065 -5,66641826
1,82624217 -3,02285619
-2,50075238 4,18487965
-4,48565782 4,06237846
3,31953339 -2,65547623
2,54939136 5,19987688
-4,40409231 3,85482279
-1,56953575 6,16408369
-2,67306064 3,49894962
-4,14599678 5,63722553
2,9096449 5,32932834
-4,54170667 4,14970447
1,76422708 5,97822751
-3,54173734 5,84376813
-4,51975719 5,45309318
-3,38559941 5,50434299
2,0447748 4,37888922
1,36159205 6,1574139
-3,52253536 5,9115646
-1,38392848 4,59447612
-1,37519686 5,84415188
2,43348447 5,90680106
3,14110098 -2,41034243
3,23798218 -5,45065085
3,11342784 4,200713
1,94599947 3,56575271
2,90605804 5,82112277
-3,32794098 4,99984317
-4,33293352 4,20540666
-2,46942028 4,92413349
-1,9336525 5,22836675
1,2563464 4,567349
3,00035084 6,40875448
2,74274842 -4,6657014
-4,02865951 5,95653546
0,50594963 3,51534515
1,74866729 -5,25930053
-2,40160621 5,73026645
3,38187436 -2,70115988
2,95545602 4,12316923
3,25540084 4,19282819
-4,16855634 5,53885283
2,79835964 6,7034717
2,69124727 -4,73656584
2,74271149 -3,08829123
-2,57511693 4,85065017
2,73857253 4,80226597
2,28106325 -4,21080022
-1,27953748 6,29174982
3,34268175 -4,93229429
-1,69041941 3,83424462
1,58730344 5,55664854
3,21111702 -2,92580643
0,58603181 6,82526936
3,13896382 -3,51876229
3,07842468 -2,97856983
1,31966772 7,17972249
-2,30300338 3,73867322
1,13345924 3,55813488
3,21355618 6,28354258
1,72790212 3,95407794
-2,40607275 5,72965373
-4,09927262 3,88408771
2,24654002 -2,7445727
2,62761015 -4,90434878
-4,55484503 4,64826119
-4,23117898 6,24931826
2,20315196 6,54790548
3,70337111 4,38630241
-3,67801438 3,64059044
1,90673327 6,84536227
-3,3412828 6,08496483
1,70752639 6,97402019
1,15222084 5,42531383
-2,02661819 4,26995666
0,98716317 3,86708864
2,68175346 -3,69352931
2,20378707 -5,65841522
2,66821185 -4,66987031
-1,39879988 5,82895024
-2,12283758 5,87261154
-2,41116914 4,94161433
1,80656704 -3,90579619
-3,35216685 5,86078061
2,9990372 -3,53187622
-1,9343292 4,8474492
0,67672333 4,65160445
1,76877528 -2,64456302
-2,88269319 5,32198192
-2,74643047 5,2935795
1,47620827 6,83952619
-4,42930827 4,29919923
2,01463382 -2,28384974
2,40480054 6,89045057
1,3685569 5,138341
-1,74014255 4,14746771
-3,95194514 3,81689547
1,916008 -4,81753598
2,66755343 -3,04844108
3,35101904 3,52890823
2,55843234 -4,17608059
0,50413816 4,02583347
-2,96771787 4,00195087
2,21412664 3,91676811
0,73143061 4,49713924
-1,96784896 3,84114668
-3,42554935 4,36099287
2,68298944 -5,02214885
-2,48864481 5,61850836
-2,50432786 4,38536392
2,28650128 7,00503326
-3,18168387 4,62299742
0,82104977 4,76955358
-2,93968288 4,29970671
-3,02246573 6,1068104
3,45712278 3,99991217
2,7730521 -3,30424609
2,65051325 -3,91098932
3,11477528 -3,22164919
2,6363027 -3,30572951
2,64482153 -2,3137757
-2,51210394 5,78050229
3,06427233 6,88493209
-2,29275781 5,03478518
0,98734623 5,99496317
2,40752098 -2,52537793
3,2314928 -3,48745918
1,46765665 4,8804658
1,70708283 4,02923132
2,44503012 -5,47395174
-3,03992838 6,20690437
-4,01670819 5,4626262
-1,24990084 3,57143458
1,41083351 6,07550018
2,91215099 4,01778143
2,88369042 -4,34683238
3,24126655 -2,44594462
1,88740717 -2,38999924
2,559054 5,26824634
-1,37614223 4,10241881
-1,93008613 6,16548904
3,00326153 -3,05378749
2,28506261 -4,29513348
1,92657077 -2,98003659
1,43973186 6,39608713
3,31070541 5,28698939
3,72782889 6,61241576
-2,2599401 5,76462597
2,45878611 -5,64012109
-1,67852075 4,13465122
3,20535216 4,34040354
-4,54827608 4,31127888
2,02407253 -5,23642856
2,56509735 -4,68168436
2,31164699 -5,25240243
1,83990447 -2,23736982
-3,98240245 5,36792467
2,0682483 -3,62750455
-2,17566154 4,85570644
2,00420576 6,24987449
2,05158604 -2,44774416
2,16731391 -2,53582286
3,00489895 -2,55995484
3,09160615 6,9798415
2,13615662 -5,03033573
1,09665478 5,07122835
3,72107428 3,45116811
-4,38561785 6,23260916
1,82776628 6,58776699
1,41745457 5,8582958
1,24229189 4,91657365
1,01404852 4,78414476
2,81908981 -2,41860116
-1,50921331 5,25259487
1,87627101 -3,28047657
2,91305194 -2,29237907
-4,37989306 5,07586806
-1,71931952 4,97812644
-4,10794381 3,40804603
2,27121562 -5,07237709
-3,60893127 3,65940954
2,23166323 -5,1281423
3,1312097 -2,82953004
0,99232326 7,05455195
3,80112321 4,26042974
1,33352849 6,63658415
2,17833542 -2,26191106
2,7621387 -3,9205431
2,96053435 -2,19219693
2,98581841 -4,7670852
2,62523395 6,92400678
1,93532089 -3,33422584
2,56243712 -4,53834
-1,89583688 3,21129157
1,86552174 5,70085636
2,16450344 -3,77642212
-2,00352608 5,39896192
3,14247897 6,79581299
3,06006331 -3,03515854
1,72222292 -2,80167357
3,21421215 -2,98601978
2,85277118 -2,84389381
1,73428128 -4,17457679
2,03315526 6,04823676
2,3456753 -2,86253932
-2,14805134 3,38368503
-2,53013018 5,71281673
2,61285188 -3,96336453
2,24922835 -3,81919216
2,51309736 -2,71633078
3,48252312 5,04578869
3,24076886 -3,07616021
2,80401402 4,26186328
0,55375989 5,19689329
3,34031962 -2,26599565
2,29453113 -3,04391929
3,28483329 -4,84926577
1,75454819 6,88015904
2,78287763 -3,64358141
-3,22353254 4,89737189
1,9545211 6,58355035
2,89041701 6,05717094
1,90421203 5,73286572
-3,66629333 3,89587504
-2,3357663 6,24546751
-1,3282921 6,16467738
-4,18812842 3,32096672
-4,18427122 5,15676657
1,1937614 7,13051008
1,62193169 3,67006513
0,81686923 6,04619414
-3,49448842 5,99679422
0,92639355 5,64580992
-2,72335004 3,508356
-2,84194789 3,44510898
0,86014658 5,67798274
3,19830394 3,91241556
-2,72196524 3,74112746
-2,00182965 3,59116874
3,69754642 6,72593817
1,57840965 5,39842022
2,97778696 6,5050051
3,49870856 5,59985242
2,54857947 -3,91473985
3,0161781 7,19916902
2,43511991 5,95506152
3,15400547 4,79331267
1,92625272 -2,6903961
1,79387728 3,86153122
-4,59088049 5,65441153
-3,0378499 6,14628349
2,4526985 -4,12826736
2,24383461 -2,66958545
-3,4872366 5,98975264
-1,85513885 6,03385277
-1,92708692 3,56092621
2,93013802 -3,92200856
1,97026136 -3,30754127
